0.6283185307179586 -0.6283185307179586 8.0 0 
0.6283185307179586 0.20943951023931953 4.0 1 
0.6283185307179586 -0.20943951023931953 2.0 2 
0.6283185307179586 0.20943951023931953 6.0 3 
0.6283185307179586 0.20943951023931953 4.0 4 
0.6283185307179586 0.20943951023931953 8.0 5 
0.6283185307179586 0.6283185307179586 4.0 6 
-0.20943951023931953 0.6283185307179586 8.0 7 
-1.0471975511965976 0.20943951023931953 8.0 8 
0.6283185307179586 0.6283185307179586 6.0 9 
0.6283185307179586 0.6283185307179586 0.0 10 
0.6283185307179586 0.6283185307179586 6.0 11 
0.6283185307179586 -1.0471975511965976 2.0 12 
0.6283185307179586 0.6283185307179586 2.0 13 
-1.0471975511965976 0.6283185307179586 2.0 14 
-0.20943951023931953 0.6283185307179586 6.0 15 
